dh alamin hasan
1|0|4|7|7|u|0|_|a|4|7|7
1|0|3|1|3|u|0|_|a|3|1|3
1|0|3|7|0|u|0|_|a|3|7|0
1|0|3|6|1|u|0|_|a|3|6|1
1|0|3|0|7|u|0|_|a|3|0|7
1|0|2|5|9|u|0|_|a|2|5|9
1|0|3|5|7|u|0|_|a|3|5|7
1|0|3|5|7|u|0|_|a|3|5|7
1|0|4|6|3|u|0|_|a|4|6|3
1|1|0|1|0|u|0|_|a|1|0|1|0
1|1|0|1|0|u|0|_|a|1|0|1|0
1|0|2|4|6|u|0|_|a|2|4|6
1|0|2|5|4|u|0|_|a|2|5|4
1|0|2|3|8|u|0|_|a|2|3|8
1|0|2|2|7|u|0|_|a|2|2|7
1|0|3|8|2|u|0|_|a|3|8|2
1|0|2|6|2|u|0|_|a|2|6|2
1|0|2|7|3|u|0|_|a|2|7|3
1|0|3|7|7|u|0|_|a|3|7|7
1|0|2|0|2|u|0|_|a|2|0|2
1|0|3|2|4|u|0|_|a|3|2|4
1|0|2|4|4|u|0|_|a|2|4|4
1|0|1|3|2|u|0|_|a|1|3|2
1|0|0|4|3|u|0|_|a|4|3
1|0|2|0|1|u|0|_|a|2|0|1
1|0|1|7|2|u|0|_|a|1|7|2
1|0|5|3|1|u|0|_|a|5|3|1
1|0|6|8|3|u|0|_|a|6|8|3
